$ 20 0.000005 10.20027730826997 50 5 43 5e-11
w 560 160 608 160 0
c 608 160 608 208 0 0.00001 0.001 0.001
c 576 208 576 256 0 0.00001 0.001 0.001
l 640 208 640 256 0 1 0 0
w 576 256 608 256 0
w 608 256 640 256 0
w 608 256 608 272 0
w 608 272 560 272 0
w 576 208 608 208 0
w 608 208 640 208 0
x 623 188 663 191 4 16 C_AF
x 516 238 557 241 4 16 C_AB
x 653 236 696 239 4 16 M_AP
g 608 208 608 224 0 0
v -64 272 -64 160 0 0 40 5 0 0 0.5
r -64 160 16 160 0 1000
l 16 160 96 160 0 1 0 0
v 96 272 96 160 0 0 40 5 0 0 0.5
w 96 272 -64 272 0
v 160 272 160 160 0 0 40 5 0 0 0.5
l 160 160 240 160 0 1 0 0
c 240 160 320 160 0 0.00001 0 0.001
r 320 160 400 160 0 1000
v 400 272 400 160 0 0 40 5 0 0 0.5
w 160 272 400 272 0
i 464 272 464 160 0 0.01
w 464 160 560 160 0
w 464 272 560 272 0
x 469 204 525 207 4 16 S_D\s*\sV
x 466 151 490 154 4 16 q→
x 558 190 592 193 4 16 q_f\s↓
x 535 261 569 264 4 16 q_p↑
x 335 205 390 208 4 16 S_D\s*\sp
x 343 149 387 152 4 16 R_MS
x 264 141 308 144 4 16 C_MS
x 177 147 223 150 4 16 M_MS
x 172 204 218 207 4 16 Bl*I_G
x 58 203 89 206 4 16 Bl*V
x 42 145 70 148 4 16 L_E
x -36 147 -5 150 4 16 R_E
x -95 154 -54 157 4 16 I_G→
x 137 155 163 158 4 16 V→
x -56 204 -24 207 4 16 U_G
